angle_max: 1.5707999467849731
angle_min: -1.5707999467849731
angle_increment: 0.004369401838630438
